2022/11/11-22:48:08.046514 2a14 RocksDB version: 5.18.4
2022/11/11-22:48:08.046566 2a14 Git sha rocksdb_build_git_sha:@b9a4a10659969c71e6f6eab4e4bae8c36ede919f@
2022/11/11-22:48:08.046596 2a14 Compile date Mar 11 2020
2022/11/11-22:48:08.046623 2a14 DB SUMMARY
2022/11/11-22:48:08.046974 2a14 CURRENT file:  CURRENT
2022/11/11-22:48:08.047011 2a14 IDENTITY file:  IDENTITY
2022/11/11-22:48:08.047053 2a14 MANIFEST file:  MANIFEST-000015 size: 412 Bytes
2022/11/11-22:48:08.047081 2a14 SST files in E:\Java\Java-frame-study\springcloud-study\nacos\data\protocol\raft\naming_instance_metadata\log dir, Total Num: 6, files: 000006.sst 000008.sst 000010.sst 000012.sst 000014.sst 000016.sst 
2022/11/11-22:48:08.047106 2a14 Write Ahead Log file in E:\Java\Java-frame-study\springcloud-study\nacos\data\protocol\raft\naming_instance_metadata\log: 000017.log size: 311 ; 
2022/11/11-22:48:08.047217 2a14                         Options.error_if_exists: 0
2022/11/11-22:48:08.047232 2a14                       Options.create_if_missing: 1
2022/11/11-22:48:08.047244 2a14                         Options.paranoid_checks: 1
2022/11/11-22:48:08.047255 2a14                                     Options.env: 0000000001051A10
2022/11/11-22:48:08.047267 2a14                                Options.info_log: 000000002E6A0E80
2022/11/11-22:48:08.047278 2a14                Options.max_file_opening_threads: 16
2022/11/11-22:48:08.047289 2a14                              Options.statistics: 000000002E69D600
2022/11/11-22:48:08.047300 2a14                               Options.use_fsync: 0
2022/11/11-22:48:08.047312 2a14                       Options.max_log_file_size: 0
2022/11/11-22:48:08.047323 2a14                  Options.max_manifest_file_size: 1073741824
2022/11/11-22:48:08.047334 2a14                   Options.log_file_time_to_roll: 0
2022/11/11-22:48:08.047345 2a14                       Options.keep_log_file_num: 1000
2022/11/11-22:48:08.047357 2a14                    Options.recycle_log_file_num: 0
2022/11/11-22:48:08.047368 2a14                         Options.allow_fallocate: 1
2022/11/11-22:48:08.047379 2a14                        Options.allow_mmap_reads: 0
2022/11/11-22:48:08.047390 2a14                       Options.allow_mmap_writes: 0
2022/11/11-22:48:08.047401 2a14                        Options.use_direct_reads: 0
2022/11/11-22:48:08.047412 2a14                        Options.use_direct_io_for_flush_and_compaction: 0
2022/11/11-22:48:08.047424 2a14          Options.create_missing_column_families: 1
2022/11/11-22:48:08.047435 2a14                              Options.db_log_dir: 
2022/11/11-22:48:08.047446 2a14                                 Options.wal_dir: E:\Java\Java-frame-study\springcloud-study\nacos\data\protocol\raft\naming_instance_metadata\log
2022/11/11-22:48:08.047457 2a14                Options.table_cache_numshardbits: 6
2022/11/11-22:48:08.047469 2a14                      Options.max_subcompactions: 1
2022/11/11-22:48:08.047480 2a14                  Options.max_background_flushes: 1
2022/11/11-22:48:08.047491 2a14                         Options.WAL_ttl_seconds: 0
2022/11/11-22:48:08.047502 2a14                       Options.WAL_size_limit_MB: 0
2022/11/11-22:48:08.047513 2a14             Options.manifest_preallocation_size: 4194304
2022/11/11-22:48:08.047524 2a14                     Options.is_fd_close_on_exec: 1
2022/11/11-22:48:08.047536 2a14                   Options.advise_random_on_open: 1
2022/11/11-22:48:08.047547 2a14                    Options.db_write_buffer_size: 0
2022/11/11-22:48:08.047558 2a14                    Options.write_buffer_manager: 000000002E699190
2022/11/11-22:48:08.047570 2a14         Options.access_hint_on_compaction_start: 1
2022/11/11-22:48:08.047581 2a14  Options.new_table_reader_for_compaction_inputs: 0
2022/11/11-22:48:08.047592 2a14           Options.random_access_max_buffer_size: 1048576
2022/11/11-22:48:08.047603 2a14                      Options.use_adaptive_mutex: 0
2022/11/11-22:48:08.047614 2a14                            Options.rate_limiter: 0000000000000000
2022/11/11-22:48:08.047626 2a14     Options.sst_file_manager.rate_bytes_per_sec: 0
2022/11/11-22:48:08.047663 2a14                       Options.wal_recovery_mode: 2
2022/11/11-22:48:08.047676 2a14                  Options.enable_thread_tracking: 0
2022/11/11-22:48:08.047692 2a14                  Options.enable_pipelined_write: 0
2022/11/11-22:48:08.047703 2a14         Options.allow_concurrent_memtable_write: 1
2022/11/11-22:48:08.047714 2a14      Options.enable_write_thread_adaptive_yield: 1
2022/11/11-22:48:08.047725 2a14             Options.write_thread_max_yield_usec: 100
2022/11/11-22:48:08.047737 2a14            Options.write_thread_slow_yield_usec: 3
2022/11/11-22:48:08.047748 2a14                               Options.row_cache: None
2022/11/11-22:48:08.047759 2a14                              Options.wal_filter: None
2022/11/11-22:48:08.047770 2a14             Options.avoid_flush_during_recovery: 0
2022/11/11-22:48:08.047781 2a14             Options.allow_ingest_behind: 0
2022/11/11-22:48:08.047792 2a14             Options.preserve_deletes: 0
2022/11/11-22:48:08.047803 2a14             Options.two_write_queues: 0
2022/11/11-22:48:08.047815 2a14             Options.manual_wal_flush: 0
2022/11/11-22:48:08.047826 2a14             Options.max_background_jobs: 2
2022/11/11-22:48:08.047837 2a14             Options.max_background_compactions: 4
2022/11/11-22:48:08.047848 2a14             Options.avoid_flush_during_shutdown: 0
2022/11/11-22:48:08.047859 2a14           Options.writable_file_max_buffer_size: 1048576
2022/11/11-22:48:08.047870 2a14             Options.delayed_write_rate : 16777216
2022/11/11-22:48:08.047881 2a14             Options.max_total_wal_size: 0
2022/11/11-22:48:08.047893 2a14             Options.delete_obsolete_files_period_micros: 21600000000
2022/11/11-22:48:08.047904 2a14                   Options.stats_dump_period_sec: 600
2022/11/11-22:48:08.047915 2a14                          Options.max_open_files: -1
2022/11/11-22:48:08.047926 2a14                          Options.bytes_per_sync: 0
2022/11/11-22:48:08.047938 2a14                      Options.wal_bytes_per_sync: 0
2022/11/11-22:48:08.047949 2a14       Options.compaction_readahead_size: 0
2022/11/11-22:48:08.047960 2a14 Compression algorithms supported:
2022/11/11-22:48:08.047972 2a14 	kZSTD supported: 1
2022/11/11-22:48:08.047983 2a14 	kSnappyCompression supported: 1
2022/11/11-22:48:08.047995 2a14 	kBZip2Compression supported: 0
2022/11/11-22:48:08.048006 2a14 	kZlibCompression supported: 1
2022/11/11-22:48:08.048017 2a14 	kLZ4Compression supported: 1
2022/11/11-22:48:08.048028 2a14 	kXpressCompression supported: 0
2022/11/11-22:48:08.048039 2a14 	kLZ4HCCompression supported: 1
2022/11/11-22:48:08.048051 2a14 	kZSTDNotFinalCompression supported: 1
2022/11/11-22:48:08.048065 2a14 Fast CRC32 supported: Supported on x86
2022/11/11-22:48:08.048703 2a14 [db\version_set.cc:3508] Recovering from manifest file: MANIFEST-000015
2022/11/11-22:48:08.048830 2a14 [db\column_family.cc:474] --------------- Options for column family [default]:
2022/11/11-22:48:08.048846 2a14               Options.comparator: leveldb.BytewiseComparator
2022/11/11-22:48:08.048858 2a14           Options.merge_operator: StringAppendOperator
2022/11/11-22:48:08.048869 2a14        Options.compaction_filter: None
2022/11/11-22:48:08.048880 2a14        Options.compaction_filter_factory: None
2022/11/11-22:48:08.048892 2a14         Options.memtable_factory: SkipListFactory
2022/11/11-22:48:08.048903 2a14            Options.table_factory: BlockBasedTable
2022/11/11-22:48:08.048939 2a14            table_factory options:   flush_block_policy_factory: FlushBlockBySizePolicyFactory (000000002E684F90)
  cache_index_and_filter_blocks: 0
  cache_index_and_filter_blocks_with_high_priority: 1
  pin_l0_filter_and_index_blocks_in_cache: 1
  pin_top_level_index_and_filter: 1
  index_type: 2
  hash_index_allow_collision: 1
  checksum: 1
  no_block_cache: 0
  block_cache: 000000002E6A9160
  block_cache_name: LRUCache
  block_cache_options:
    capacity : 536870912
    num_shard_bits : 8
    strict_capacity_limit : 0
    memory_allocator : None
    high_pri_pool_ratio: 0.000
  block_cache_compressed: 0000000000000000
  persistent_cache: 0000000000000000
  block_size: 4096
  block_size_deviation: 10
  block_restart_interval: 16
  index_block_restart_interval: 1
  metadata_block_size: 8192
  partition_filters: 1
  use_delta_encoding: 1
  filter_policy: nullptr
  whole_key_filtering: 1
  verify_compression: 0
  read_amp_bytes_per_bit: 0
  format_version: 0
  enable_index_compression: 1
  block_align: 0
2022/11/11-22:48:08.048983 2a14        Options.write_buffer_size: 67108864
2022/11/11-22:48:08.048997 2a14  Options.max_write_buffer_number: 3
2022/11/11-22:48:08.049008 2a14          Options.compression: Snappy
2022/11/11-22:48:08.049019 2a14                  Options.bottommost_compression: Disabled
2022/11/11-22:48:08.049034 2a14       Options.prefix_extractor: rocksdb.FixedPrefix.8
2022/11/11-22:48:08.049046 2a14   Options.memtable_insert_with_hint_prefix_extractor: nullptr
2022/11/11-22:48:08.049058 2a14             Options.num_levels: 7
2022/11/11-22:48:08.049070 2a14        Options.min_write_buffer_number_to_merge: 1
2022/11/11-22:48:08.049081 2a14     Options.max_write_buffer_number_to_maintain: 0
2022/11/11-22:48:08.049094 2a14            Options.bottommost_compression_opts.window_bits: -14
2022/11/11-22:48:08.049105 2a14                  Options.bottommost_compression_opts.level: 32767
2022/11/11-22:48:08.049116 2a14               Options.bottommost_compression_opts.strategy: 0
2022/11/11-22:48:08.049128 2a14         Options.bottommost_compression_opts.max_dict_bytes: 0
2022/11/11-22:48:08.049139 2a14         Options.bottommost_compression_opts.zstd_max_train_bytes: 0
2022/11/11-22:48:08.049150 2a14                  Options.bottommost_compression_opts.enabled: false
2022/11/11-22:48:08.049161 2a14            Options.compression_opts.window_bits: -14
2022/11/11-22:48:08.049173 2a14                  Options.compression_opts.level: 32767
2022/11/11-22:48:08.049184 2a14               Options.compression_opts.strategy: 0
2022/11/11-22:48:08.049195 2a14         Options.compression_opts.max_dict_bytes: 0
2022/11/11-22:48:08.049206 2a14         Options.compression_opts.zstd_max_train_bytes: 0
2022/11/11-22:48:08.049217 2a14                  Options.compression_opts.enabled: false
2022/11/11-22:48:08.049228 2a14      Options.level0_file_num_compaction_trigger: 10
2022/11/11-22:48:08.049240 2a14          Options.level0_slowdown_writes_trigger: 20
2022/11/11-22:48:08.049251 2a14              Options.level0_stop_writes_trigger: 40
2022/11/11-22:48:08.049262 2a14                   Options.target_file_size_base: 67108864
2022/11/11-22:48:08.049273 2a14             Options.target_file_size_multiplier: 1
2022/11/11-22:48:08.049284 2a14                Options.max_bytes_for_level_base: 536870912
2022/11/11-22:48:08.049295 2a14 Options.level_compaction_dynamic_level_bytes: 0
2022/11/11-22:48:08.049306 2a14          Options.max_bytes_for_level_multiplier: 10.000000
2022/11/11-22:48:08.049319 2a14 Options.max_bytes_for_level_multiplier_addtl[0]: 1
2022/11/11-22:48:08.049330 2a14 Options.max_bytes_for_level_multiplier_addtl[1]: 1
2022/11/11-22:48:08.049341 2a14 Options.max_bytes_for_level_multiplier_addtl[2]: 1
2022/11/11-22:48:08.049352 2a14 Options.max_bytes_for_level_multiplier_addtl[3]: 1
2022/11/11-22:48:08.049364 2a14 Options.max_bytes_for_level_multiplier_addtl[4]: 1
2022/11/11-22:48:08.049375 2a14 Options.max_bytes_for_level_multiplier_addtl[5]: 1
2022/11/11-22:48:08.049386 2a14 Options.max_bytes_for_level_multiplier_addtl[6]: 1
2022/11/11-22:48:08.049397 2a14       Options.max_sequential_skip_in_iterations: 8
2022/11/11-22:48:08.049408 2a14                    Options.max_compaction_bytes: 1677721600
2022/11/11-22:48:08.049420 2a14                        Options.arena_block_size: 8388608
2022/11/11-22:48:08.049431 2a14   Options.soft_pending_compaction_bytes_limit: 68719476736
2022/11/11-22:48:08.049442 2a14   Options.hard_pending_compaction_bytes_limit: 274877906944
2022/11/11-22:48:08.049453 2a14       Options.rate_limit_delay_max_milliseconds: 100
2022/11/11-22:48:08.049465 2a14                Options.disable_auto_compactions: 0
2022/11/11-22:48:08.049478 2a14                        Options.compaction_style: kCompactionStyleLevel
2022/11/11-22:48:08.049490 2a14                          Options.compaction_pri: kByCompensatedSize
2022/11/11-22:48:08.049501 2a14 Options.compaction_options_universal.size_ratio: 1
2022/11/11-22:48:08.049512 2a14 Options.compaction_options_universal.min_merge_width: 2
2022/11/11-22:48:08.049524 2a14 Options.compaction_options_universal.max_merge_width: 4294967295
2022/11/11-22:48:08.049535 2a14 Options.compaction_options_universal.max_size_amplification_percent: 200
2022/11/11-22:48:08.049546 2a14 Options.compaction_options_universal.compression_size_percent: -1
2022/11/11-22:48:08.049558 2a14 Options.compaction_options_universal.stop_style: kCompactionStopStyleTotalSize
2022/11/11-22:48:08.049569 2a14 Options.compaction_options_fifo.max_table_files_size: 1073741824
2022/11/11-22:48:08.049580 2a14 Options.compaction_options_fifo.allow_compaction: 0
2022/11/11-22:48:08.049591 2a14 Options.compaction_options_fifo.ttl: 0
2022/11/11-22:48:08.049602 2a14                   Options.table_properties_collectors: 
2022/11/11-22:48:08.049614 2a14                   Options.inplace_update_support: 0
2022/11/11-22:48:08.049625 2a14                 Options.inplace_update_num_locks: 10000
2022/11/11-22:48:08.049636 2a14               Options.memtable_prefix_bloom_size_ratio: 0.125000
2022/11/11-22:48:08.049648 2a14   Options.memtable_huge_page_size: 0
2022/11/11-22:48:08.049659 2a14                           Options.bloom_locality: 0
2022/11/11-22:48:08.049670 2a14                    Options.max_successive_merges: 0
2022/11/11-22:48:08.049681 2a14                Options.optimize_filters_for_hits: 0
2022/11/11-22:48:08.049696 2a14                Options.paranoid_file_checks: 0
2022/11/11-22:48:08.049708 2a14                Options.force_consistency_checks: 1
2022/11/11-22:48:08.049719 2a14                Options.report_bg_io_stats: 0
2022/11/11-22:48:08.049730 2a14                               Options.ttl: 0
2022/11/11-22:48:08.051917 2a14 [db\column_family.cc:474] --------------- Options for column family [Configuration]:
2022/11/11-22:48:08.051950 2a14               Options.comparator: leveldb.BytewiseComparator
2022/11/11-22:48:08.051963 2a14           Options.merge_operator: StringAppendOperator
2022/11/11-22:48:08.051974 2a14        Options.compaction_filter: None
2022/11/11-22:48:08.051985 2a14        Options.compaction_filter_factory: None
2022/11/11-22:48:08.051997 2a14         Options.memtable_factory: SkipListFactory
2022/11/11-22:48:08.052008 2a14            Options.table_factory: BlockBasedTable
2022/11/11-22:48:08.052049 2a14            table_factory options:   flush_block_policy_factory: FlushBlockBySizePolicyFactory (000000002E684F90)
  cache_index_and_filter_blocks: 0
  cache_index_and_filter_blocks_with_high_priority: 1
  pin_l0_filter_and_index_blocks_in_cache: 1
  pin_top_level_index_and_filter: 1
  index_type: 2
  hash_index_allow_collision: 1
  checksum: 1
  no_block_cache: 0
  block_cache: 000000002E6A9160
  block_cache_name: LRUCache
  block_cache_options:
    capacity : 536870912
    num_shard_bits : 8
    strict_capacity_limit : 0
    memory_allocator : None
    high_pri_pool_ratio: 0.000
  block_cache_compressed: 0000000000000000
  persistent_cache: 0000000000000000
  block_size: 4096
  block_size_deviation: 10
  block_restart_interval: 16
  index_block_restart_interval: 1
  metadata_block_size: 8192
  partition_filters: 1
  use_delta_encoding: 1
  filter_policy: nullptr
  whole_key_filtering: 1
  verify_compression: 0
  read_amp_bytes_per_bit: 0
  format_version: 0
  enable_index_compression: 1
  block_align: 0
2022/11/11-22:48:08.052062 2a14        Options.write_buffer_size: 67108864
2022/11/11-22:48:08.052073 2a14  Options.max_write_buffer_number: 3
2022/11/11-22:48:08.052084 2a14          Options.compression: Snappy
2022/11/11-22:48:08.052095 2a14                  Options.bottommost_compression: Disabled
2022/11/11-22:48:08.052107 2a14       Options.prefix_extractor: rocksdb.FixedPrefix.8
2022/11/11-22:48:08.052165 2a14   Options.memtable_insert_with_hint_prefix_extractor: nullptr
2022/11/11-22:48:08.052178 2a14             Options.num_levels: 7
2022/11/11-22:48:08.052189 2a14        Options.min_write_buffer_number_to_merge: 1
2022/11/11-22:48:08.052200 2a14     Options.max_write_buffer_number_to_maintain: 0
2022/11/11-22:48:08.052211 2a14            Options.bottommost_compression_opts.window_bits: -14
2022/11/11-22:48:08.052223 2a14                  Options.bottommost_compression_opts.level: 32767
2022/11/11-22:48:08.052234 2a14               Options.bottommost_compression_opts.strategy: 0
2022/11/11-22:48:08.052245 2a14         Options.bottommost_compression_opts.max_dict_bytes: 0
2022/11/11-22:48:08.052256 2a14         Options.bottommost_compression_opts.zstd_max_train_bytes: 0
2022/11/11-22:48:08.052268 2a14                  Options.bottommost_compression_opts.enabled: false
2022/11/11-22:48:08.052279 2a14            Options.compression_opts.window_bits: -14
2022/11/11-22:48:08.052290 2a14                  Options.compression_opts.level: 32767
2022/11/11-22:48:08.052302 2a14               Options.compression_opts.strategy: 0
2022/11/11-22:48:08.052313 2a14         Options.compression_opts.max_dict_bytes: 0
2022/11/11-22:48:08.052324 2a14         Options.compression_opts.zstd_max_train_bytes: 0
2022/11/11-22:48:08.052335 2a14                  Options.compression_opts.enabled: false
2022/11/11-22:48:08.052346 2a14      Options.level0_file_num_compaction_trigger: 10
2022/11/11-22:48:08.052358 2a14          Options.level0_slowdown_writes_trigger: 20
2022/11/11-22:48:08.052369 2a14              Options.level0_stop_writes_trigger: 40
2022/11/11-22:48:08.052380 2a14                   Options.target_file_size_base: 67108864
2022/11/11-22:48:08.052391 2a14             Options.target_file_size_multiplier: 1
2022/11/11-22:48:08.052402 2a14                Options.max_bytes_for_level_base: 536870912
2022/11/11-22:48:08.052413 2a14 Options.level_compaction_dynamic_level_bytes: 0
2022/11/11-22:48:08.052424 2a14          Options.max_bytes_for_level_multiplier: 10.000000
2022/11/11-22:48:08.052437 2a14 Options.max_bytes_for_level_multiplier_addtl[0]: 1
2022/11/11-22:48:08.052448 2a14 Options.max_bytes_for_level_multiplier_addtl[1]: 1
2022/11/11-22:48:08.052463 2a14 Options.max_bytes_for_level_multiplier_addtl[2]: 1
2022/11/11-22:48:08.052476 2a14 Options.max_bytes_for_level_multiplier_addtl[3]: 1
2022/11/11-22:48:08.052487 2a14 Options.max_bytes_for_level_multiplier_addtl[4]: 1
2022/11/11-22:48:08.052500 2a14 Options.max_bytes_for_level_multiplier_addtl[5]: 1
2022/11/11-22:48:08.052511 2a14 Options.max_bytes_for_level_multiplier_addtl[6]: 1
2022/11/11-22:48:08.052522 2a14       Options.max_sequential_skip_in_iterations: 8
2022/11/11-22:48:08.052533 2a14                    Options.max_compaction_bytes: 1677721600
2022/11/11-22:48:08.052544 2a14                        Options.arena_block_size: 8388608
2022/11/11-22:48:08.052555 2a14   Options.soft_pending_compaction_bytes_limit: 68719476736
2022/11/11-22:48:08.052566 2a14   Options.hard_pending_compaction_bytes_limit: 274877906944
2022/11/11-22:48:08.052578 2a14       Options.rate_limit_delay_max_milliseconds: 100
2022/11/11-22:48:08.052589 2a14                Options.disable_auto_compactions: 0
2022/11/11-22:48:08.052601 2a14                        Options.compaction_style: kCompactionStyleLevel
2022/11/11-22:48:08.052621 2a14                          Options.compaction_pri: kByCompensatedSize
2022/11/11-22:48:08.052633 2a14 Options.compaction_options_universal.size_ratio: 1
2022/11/11-22:48:08.052647 2a14 Options.compaction_options_universal.min_merge_width: 2
2022/11/11-22:48:08.052660 2a14 Options.compaction_options_universal.max_merge_width: 4294967295
2022/11/11-22:48:08.052673 2a14 Options.compaction_options_universal.max_size_amplification_percent: 200
2022/11/11-22:48:08.052686 2a14 Options.compaction_options_universal.compression_size_percent: -1
2022/11/11-22:48:08.052700 2a14 Options.compaction_options_universal.stop_style: kCompactionStopStyleTotalSize
2022/11/11-22:48:08.052716 2a14 Options.compaction_options_fifo.max_table_files_size: 1073741824
2022/11/11-22:48:08.052732 2a14 Options.compaction_options_fifo.allow_compaction: 0
2022/11/11-22:48:08.052743 2a14 Options.compaction_options_fifo.ttl: 0
2022/11/11-22:48:08.052754 2a14                   Options.table_properties_collectors: 
2022/11/11-22:48:08.052766 2a14                   Options.inplace_update_support: 0
2022/11/11-22:48:08.052777 2a14                 Options.inplace_update_num_locks: 10000
2022/11/11-22:48:08.052788 2a14               Options.memtable_prefix_bloom_size_ratio: 0.125000
2022/11/11-22:48:08.052800 2a14   Options.memtable_huge_page_size: 0
2022/11/11-22:48:08.052811 2a14                           Options.bloom_locality: 0
2022/11/11-22:48:08.052823 2a14                    Options.max_successive_merges: 0
2022/11/11-22:48:08.052834 2a14                Options.optimize_filters_for_hits: 0
2022/11/11-22:48:08.052845 2a14                Options.paranoid_file_checks: 0
2022/11/11-22:48:08.052856 2a14                Options.force_consistency_checks: 1
2022/11/11-22:48:08.052867 2a14                Options.report_bg_io_stats: 0
2022/11/11-22:48:08.052878 2a14                               Options.ttl: 0
2022/11/11-22:48:08.056860 2a14 [db\version_set.cc:3724] Recovered from manifest file:E:\Java\Java-frame-study\springcloud-study\nacos\data\protocol\raft\naming_instance_metadata\log/MANIFEST-000015 succeeded,manifest_file_number is 15, next_file_number is 18, last_sequence is 25, log_number is 0,prev_log_number is 0,max_column_family is 1,min_log_number_to_keep is 0
2022/11/11-22:48:08.056888 2a14 [db\version_set.cc:3732] Column family [default] (ID 0), log number is 14
2022/11/11-22:48:08.056901 2a14 [db\version_set.cc:3732] Column family [Configuration] (ID 1), log number is 14
2022/11/11-22:48:08.057233 2a14 EVENT_LOG_v1 {"time_micros": 1668178088057222, "job": 1, "event": "recovery_started", "log_files": [17]}
2022/11/11-22:48:08.057252 2a14 [db\db_impl_open.cc:578] Recovering log #17 mode 2
2022/11/11-22:48:08.059331 2a14 EVENT_LOG_v1 {"time_micros": 1668178088059317, "cf_name": "default", "job": 1, "event": "table_file_creation", "file_number": 18, "file_size": 861, "table_properties": {"data_size": 65, "index_size": 49, "filter_size": 0, "raw_key_size": 32, "raw_average_key_size": 32, "raw_value_size": 41, "raw_average_value_size": 41, "num_data_blocks": 1, "num_entries": 1, "filter_policy_name": ""}}
2022/11/11-22:48:08.061659 2a14 [db\version_set.cc:3037] Creating manifest 19
2022/11/11-22:48:08.065700 2a14 EVENT_LOG_v1 {"time_micros": 1668178088065684, "cf_name": "Configuration", "job": 1, "event": "table_file_creation", "file_number": 20, "file_size": 905, "table_properties": {"data_size": 102, "index_size": 49, "filter_size": 0, "raw_key_size": 58, "raw_average_key_size": 29, "raw_value_size": 49, "raw_average_value_size": 24, "num_data_blocks": 1, "num_entries": 2, "filter_policy_name": ""}}
2022/11/11-22:48:08.068652 2a14 EVENT_LOG_v1 {"time_micros": 1668178088068644, "job": 1, "event": "recovery_finished"}
2022/11/11-22:48:08.073549 2a14 [db\db_impl_open.cc:1314] DB pointer 000000002E6E7A50
2022/11/11-22:48:08.074012 5850 [WARN] [db\db_impl.cc:669] ------- DUMPING STATS -------
2022/11/11-22:48:08.074041 5850 [WARN] [db\db_impl.cc:670] 
** DB Stats **
Uptime(secs): 0.0 total, 0.0 interval
Cumulative writes: 0 writes, 0 keys, 0 commit groups, 0.0 writes per commit group, ingest: 0.00 GB, 0.00 MB/s
Cumulative WAL: 0 writes, 0 syncs, 0.00 writes per sync, written: 0.00 GB, 0.00 MB/s
Cumulative stall: 00:00:0.000 H:M:S, 0.0 percent
Interval writes: 0 writes, 0 keys, 0 commit groups, 0.0 writes per commit group, ingest: 0.00 MB, 0.00 MB/s
Interval WAL: 0 writes, 0 syncs, 0.00 writes per sync, written: 0.00 MB, 0.00 MB/s
Interval stall: 00:00:0.000 H:M:S, 0.0 percent

** Compaction Stats [default] **
Level    Files   Size     Score Read(GB)  Rn(GB) Rnp1(GB) Write(GB) Wnew(GB) Moved(GB) W-Amp Rd(MB/s) Wr(MB/s) Comp(sec) Comp(cnt) Avg(sec) KeyIn KeyDrop
----------------------------------------------------------------------------------------------------------------------------------------------------------
  L0      4/0    3.01 KB   0.4      0.0     0.0      0.0       0.0      0.0       0.0   1.0      0.0      0.5         0         1    0.002       0      0
 Sum      4/0    3.01 KB   0.0      0.0     0.0      0.0       0.0      0.0       0.0   1.0      0.0      0.5         0         1    0.002       0      0
 Int      0/0    0.00 KB   0.0      0.0     0.0      0.0       0.0      0.0       0.0   1.0      0.0      0.5         0         1    0.002       0      0
Uptime(secs): 0.0 total, 0.0 interval
Flush(GB): cumulative 0.000, interval 0.000
AddFile(GB): cumulative 0.000, interval 0.000
AddFile(Total Files): cumulative 0, interval 0
AddFile(L0 Files): cumulative 0, interval 0
AddFile(Keys): cumulative 0, interval 0
Cumulative compaction: 0.00 GB write, 0.03 MB/s write, 0.00 GB read, 0.00 MB/s read, 0.0 seconds
Interval compaction: 0.00 GB write, 0.03 MB/s write, 0.00 GB read, 0.00 MB/s read, 0.0 seconds
Stalls(count): 0 level0_slowdown, 0 level0_slowdown_with_compaction, 0 level0_numfiles, 0 level0_numfiles_with_compaction, 0 stop for pending_compaction_bytes, 0 slowdown for pending_compaction_bytes, 0 memtable_compaction, 0 memtable_slowdown, interval 0 total count

** File Read Latency Histogram By Level [default] **
** Level 0 read latency histogram (micros):
Count: 21 Average: 31.4286  StdDev: 96.30
Min: 1  Median: 2.3750  Max: 451
Percentiles: P50: 2.38 P75: 3.92 P99: 451.00 P99.9: 451.00 P99.99: 451.00
------------------------------------------------------
[       0,       1 ]        1   4.762%   4.762% #
(       1,       2 ]        8  38.095%  42.857% ########
(       2,       3 ]        4  19.048%  61.905% ####
(       3,       4 ]        3  14.286%  76.190% ###
(       4,       6 ]        1   4.762%  80.952% #
(       6,      10 ]        1   4.762%  85.714% #
(      51,      76 ]        1   4.762%  90.476% #
(      76,     110 ]        1   4.762%  95.238% #
(     380,     580 ]        1   4.762% 100.000% #


** Compaction Stats [Configuration] **
Level    Files   Size     Score Read(GB)  Rn(GB) Rnp1(GB) Write(GB) Wnew(GB) Moved(GB) W-Amp Rd(MB/s) Wr(MB/s) Comp(sec) Comp(cnt) Avg(sec) KeyIn KeyDrop
----------------------------------------------------------------------------------------------------------------------------------------------------------
  L0      4/0    3.32 KB   0.4      0.0     0.0      0.0       0.0      0.0       0.0   1.0      0.0      0.7         0         1    0.001       0      0
 Sum      4/0    3.32 KB   0.0      0.0     0.0      0.0       0.0      0.0       0.0   1.0      0.0      0.7         0         1    0.001       0      0
 Int      0/0    0.00 KB   0.0      0.0     0.0      0.0       0.0      0.0       0.0   1.0      0.0      0.7         0         1    0.001       0      0
Uptime(secs): 0.0 total, 0.0 interval
Flush(GB): cumulative 0.000, interval 0.000
AddFile(GB): cumulative 0.000, interval 0.000
AddFile(Total Files): cumulative 0, interval 0
AddFile(L0 Files): cumulative 0, interval 0
AddFile(Keys): cumulative 0, interval 0
Cumulative compaction: 0.00 GB write, 0.04 MB/s write, 0.00 GB read, 0.00 MB/s read, 0.0 seconds
Interval compaction: 0.00 GB write, 0.04 MB/s write, 0.00 GB read, 0.00 MB/s read, 0.0 seconds
Stalls(count): 0 level0_slowdown, 0 level0_slowdown_with_compaction, 0 level0_numfiles, 0 level0_numfiles_with_compaction, 0 stop for pending_compaction_bytes, 0 slowdown for pending_compaction_bytes, 0 memtable_compaction, 0 memtable_slowdown, interval 0 total count

** File Read Latency Histogram By Level [Configuration] **
** Level 0 read latency histogram (micros):
Count: 27 Average: 51.1481  StdDev: 136.20
Min: 1  Median: 1.9500  Max: 471
Percentiles: P50: 1.95 P75: 5.63 P99: 471.00 P99.9: 471.00 P99.99: 471.00
------------------------------------------------------
[       0,       1 ]        4  14.815%  14.815% ###
(       1,       2 ]       10  37.037%  51.852% #######
(       2,       3 ]        3  11.111%  62.963% ##
(       4,       6 ]        4  14.815%  77.778% ###
(       6,      10 ]        3  11.111%  88.889% ##
(     250,     380 ]        1   3.704%  92.593% #
(     380,     580 ]        2   7.407% 100.000% #


** Compaction Stats [default] **
Level    Files   Size     Score Read(GB)  Rn(GB) Rnp1(GB) Write(GB) Wnew(GB) Moved(GB) W-Amp Rd(MB/s) Wr(MB/s) Comp(sec) Comp(cnt) Avg(sec) KeyIn KeyDrop
----------------------------------------------------------------------------------------------------------------------------------------------------------
  L0      4/0    3.01 KB   0.4      0.0     0.0      0.0       0.0      0.0       0.0   1.0      0.0      0.5         0         1    0.002       0      0
 Sum      4/0    3.01 KB   0.0      0.0     0.0      0.0       0.0      0.0       0.0   1.0      0.0      0.5         0         1    0.002       0      0
 Int      0/0    0.00 KB   0.0      0.0     0.0      0.0       0.0      0.0       0.0   0.0      0.0      0.0         0         0    0.000       0      0
Uptime(secs): 0.0 total, 0.0 interval
Flush(GB): cumulative 0.000, interval 0.000
AddFile(GB): cumulative 0.000, interval 0.000
AddFile(Total Files): cumulative 0, interval 0
AddFile(L0 Files): cumulative 0, interval 0
AddFile(Keys): cumulative 0, interval 0
Cumulative compaction: 0.00 GB write, 0.03 MB/s write, 0.00 GB read, 0.00 MB/s read, 0.0 seconds
Interval compaction: 0.00 GB write, 0.00 MB/s write, 0.00 GB read, 0.00 MB/s read, 0.0 seconds
Stalls(count): 0 level0_slowdown, 0 level0_slowdown_with_compaction, 0 level0_numfiles, 0 level0_numfiles_with_compaction, 0 stop for pending_compaction_bytes, 0 slowdown for pending_compaction_bytes, 0 memtable_compaction, 0 memtable_slowdown, interval 0 total count

** File Read Latency Histogram By Level [default] **
** Level 0 read latency histogram (micros):
Count: 21 Average: 31.4286  StdDev: 96.30
Min: 1  Median: 2.3750  Max: 451
Percentiles: P50: 2.38 P75: 3.92 P99: 451.00 P99.9: 451.00 P99.99: 451.00
------------------------------------------------------
[       0,       1 ]        1   4.762%   4.762% #
(       1,       2 ]        8  38.095%  42.857% ########
(       2,       3 ]        4  19.048%  61.905% ####
(       3,       4 ]        3  14.286%  76.190% ###
(       4,       6 ]        1   4.762%  80.952% #
(       6,      10 ]        1   4.762%  85.714% #
(      51,      76 ]        1   4.762%  90.476% #
(      76,     110 ]        1   4.762%  95.238% #
(     380,     580 ]        1   4.762% 100.000% #


** Compaction Stats [Configuration] **
Level    Files   Size     Score Read(GB)  Rn(GB) Rnp1(GB) Write(GB) Wnew(GB) Moved(GB) W-Amp Rd(MB/s) Wr(MB/s) Comp(sec) Comp(cnt) Avg(sec) KeyIn KeyDrop
----------------------------------------------------------------------------------------------------------------------------------------------------------
  L0      4/0    3.32 KB   0.4      0.0     0.0      0.0       0.0      0.0       0.0   1.0      0.0      0.7         0         1    0.001       0      0
 Sum      4/0    3.32 KB   0.0      0.0     0.0      0.0       0.0      0.0       0.0   1.0      0.0      0.7         0         1    0.001       0      0
 Int      0/0    0.00 KB   0.0      0.0     0.0      0.0       0.0      0.0       0.0   0.0      0.0      0.0         0         0    0.000       0      0
Uptime(secs): 0.0 total, 0.0 interval
Flush(GB): cumulative 0.000, interval 0.000
AddFile(GB): cumulative 0.000, interval 0.000
AddFile(Total Files): cumulative 0, interval 0
AddFile(L0 Files): cumulative 0, interval 0
AddFile(Keys): cumulative 0, interval 0
Cumulative compaction: 0.00 GB write, 0.04 MB/s write, 0.00 GB read, 0.00 MB/s read, 0.0 seconds
Interval compaction: 0.00 GB write, 0.00 MB/s write, 0.00 GB read, 0.00 MB/s read, 0.0 seconds
Stalls(count): 0 level0_slowdown, 0 level0_slowdown_with_compaction, 0 level0_numfiles, 0 level0_numfiles_with_compaction, 0 stop for pending_compaction_bytes, 0 slowdown for pending_compaction_bytes, 0 memtable_compaction, 0 memtable_slowdown, interval 0 total count

** File Read Latency Histogram By Level [Configuration] **
** Level 0 read latency histogram (micros):
Count: 27 Average: 51.1481  StdDev: 136.20
Min: 1  Median: 1.9500  Max: 471
Percentiles: P50: 1.95 P75: 5.63 P99: 471.00 P99.9: 471.00 P99.99: 471.00
------------------------------------------------------
[       0,       1 ]        4  14.815%  14.815% ###
(       1,       2 ]       10  37.037%  51.852% #######
(       2,       3 ]        3  11.111%  62.963% ##
(       4,       6 ]        4  14.815%  77.778% ###
(       6,      10 ]        3  11.111%  88.889% ##
(     250,     380 ]        1   3.704%  92.593% #
(     380,     580 ]        2   7.407% 100.000% #

2022/11/11-22:48:08.074626 5850 [WARN] [db\db_impl.cc:617] STATISTICS:
 rocksdb.block.cache.miss COUNT : 18
rocksdb.block.cache.hit COUNT : 6
rocksdb.block.cache.add COUNT : 18
rocksdb.block.cache.add.failures COUNT : 0
rocksdb.block.cache.index.miss COUNT : 6
rocksdb.block.cache.index.hit COUNT : 6
rocksdb.block.cache.index.add COUNT : 6
rocksdb.block.cache.index.bytes.insert COUNT : 612
rocksdb.block.cache.index.bytes.evict COUNT : 0
rocksdb.block.cache.filter.miss COUNT : 0
rocksdb.block.cache.filter.hit COUNT : 0
rocksdb.block.cache.filter.add COUNT : 0
rocksdb.block.cache.filter.bytes.insert COUNT : 0
rocksdb.block.cache.filter.bytes.evict COUNT : 0
rocksdb.block.cache.data.miss COUNT : 12
rocksdb.block.cache.data.hit COUNT : 0
rocksdb.block.cache.data.add COUNT : 12
rocksdb.block.cache.data.bytes.insert COUNT : 1537
rocksdb.block.cache.bytes.read COUNT : 612
rocksdb.block.cache.bytes.write COUNT : 2149
rocksdb.bloom.filter.useful COUNT : 0
rocksdb.bloom.filter.full.positive COUNT : 0
rocksdb.bloom.filter.full.true.positive COUNT : 0
rocksdb.persistent.cache.hit COUNT : 0
rocksdb.persistent.cache.miss COUNT : 0
rocksdb.sim.block.cache.hit COUNT : 0
rocksdb.sim.block.cache.miss COUNT : 0
rocksdb.memtable.hit COUNT : 0
rocksdb.memtable.miss COUNT : 0
rocksdb.l0.hit COUNT : 0
rocksdb.l1.hit COUNT : 0
rocksdb.l2andup.hit COUNT : 0
rocksdb.compaction.key.drop.new COUNT : 0
rocksdb.compaction.key.drop.obsolete COUNT : 0
rocksdb.compaction.key.drop.range_del COUNT : 0
rocksdb.compaction.key.drop.user COUNT : 0
rocksdb.compaction.range_del.drop.obsolete COUNT : 0
rocksdb.compaction.optimized.del.drop.obsolete COUNT : 0
rocksdb.compaction.cancelled COUNT : 0
rocksdb.number.keys.written COUNT : 0
rocksdb.number.keys.read COUNT : 0
rocksdb.number.keys.updated COUNT : 0
rocksdb.bytes.written COUNT : 0
rocksdb.bytes.read COUNT : 0
rocksdb.number.db.seek COUNT : 2
rocksdb.number.db.next COUNT : 2
rocksdb.number.db.prev COUNT : 0
rocksdb.number.db.seek.found COUNT : 2
rocksdb.number.db.next.found COUNT : 1
rocksdb.number.db.prev.found COUNT : 0
rocksdb.db.iter.bytes.read COUNT : 108
rocksdb.no.file.closes COUNT : 0
rocksdb.no.file.opens COUNT : 8
rocksdb.no.file.errors COUNT : 0
rocksdb.l0.slowdown.micros COUNT : 0
rocksdb.memtable.compaction.micros COUNT : 0
rocksdb.l0.num.files.stall.micros COUNT : 0
rocksdb.stall.micros COUNT : 0
rocksdb.db.mutex.wait.micros COUNT : 0
rocksdb.rate.limit.delay.millis COUNT : 0
rocksdb.num.iterators COUNT : 0
rocksdb.number.multiget.get COUNT : 0
rocksdb.number.multiget.keys.read COUNT : 0
rocksdb.number.multiget.bytes.read COUNT : 0
rocksdb.number.deletes.filtered COUNT : 0
rocksdb.number.merge.failures COUNT : 0
rocksdb.bloom.filter.prefix.checked COUNT : 0
rocksdb.bloom.filter.prefix.useful COUNT : 0
rocksdb.number.reseeks.iteration COUNT : 0
rocksdb.getupdatessince.calls COUNT : 0
rocksdb.block.cachecompressed.miss COUNT : 0
rocksdb.block.cachecompressed.hit COUNT : 0
rocksdb.block.cachecompressed.add COUNT : 0
rocksdb.block.cachecompressed.add.failures COUNT : 0
rocksdb.wal.synced COUNT : 0
rocksdb.wal.bytes COUNT : 0
rocksdb.write.self COUNT : 0
rocksdb.write.other COUNT : 0
rocksdb.write.timeout COUNT : 0
rocksdb.write.wal COUNT : 0
rocksdb.compact.read.bytes COUNT : 0
rocksdb.compact.write.bytes COUNT : 1766
rocksdb.flush.write.bytes COUNT : 0
rocksdb.number.direct.load.table.properties COUNT : 0
rocksdb.number.superversion_acquires COUNT : 2
rocksdb.number.superversion_releases COUNT : 0
rocksdb.number.superversion_cleanups COUNT : 0
rocksdb.number.block.compressed COUNT : 0
rocksdb.number.block.decompressed COUNT : 2
rocksdb.number.block.not_compressed COUNT : 0
rocksdb.merge.operation.time.nanos COUNT : 0
rocksdb.filter.operation.time.nanos COUNT : 0
rocksdb.row.cache.hit COUNT : 0
rocksdb.row.cache.miss COUNT : 0
rocksdb.read.amp.estimate.useful.bytes COUNT : 0
rocksdb.read.amp.total.read.bytes COUNT : 0
rocksdb.number.rate_limiter.drains COUNT : 0
rocksdb.number.iter.skip COUNT : 3
rocksdb.blobdb.num.put COUNT : 0
rocksdb.blobdb.num.write COUNT : 0
rocksdb.blobdb.num.get COUNT : 0
rocksdb.blobdb.num.multiget COUNT : 0
rocksdb.blobdb.num.seek COUNT : 0
rocksdb.blobdb.num.next COUNT : 0
rocksdb.blobdb.num.prev COUNT : 0
rocksdb.blobdb.num.keys.written COUNT : 0
rocksdb.blobdb.num.keys.read COUNT : 0
rocksdb.blobdb.bytes.written COUNT : 0
rocksdb.blobdb.bytes.read COUNT : 0
rocksdb.blobdb.write.inlined COUNT : 0
rocksdb.blobdb.write.inlined.ttl COUNT : 0
rocksdb.blobdb.write.blob COUNT : 0
rocksdb.blobdb.write.blob.ttl COUNT : 0
rocksdb.blobdb.blob.file.bytes.written COUNT : 0
rocksdb.blobdb.blob.file.bytes.read COUNT : 0
rocksdb.blobdb.blob.file.synced COUNT : 0
rocksdb.blobdb.blob.index.expired.count COUNT : 0
rocksdb.blobdb.blob.index.expired.size COUNT : 0
rocksdb.blobdb.blob.index.evicted.count COUNT : 0
rocksdb.blobdb.blob.index.evicted.size COUNT : 0
rocksdb.blobdb.gc.num.files COUNT : 0
rocksdb.blobdb.gc.num.new.files COUNT : 0
rocksdb.blobdb.gc.failures COUNT : 0
rocksdb.blobdb.gc.num.keys.overwritten COUNT : 0
rocksdb.blobdb.gc.num.keys.expired COUNT : 0
rocksdb.blobdb.gc.num.keys.relocated COUNT : 0
rocksdb.blobdb.gc.bytes.overwritten COUNT : 0
rocksdb.blobdb.gc.bytes.expired COUNT : 0
rocksdb.blobdb.gc.bytes.relocated COUNT : 0
rocksdb.blobdb.fifo.num.files.evicted COUNT : 0
rocksdb.blobdb.fifo.num.keys.evicted COUNT : 0
rocksdb.blobdb.fifo.bytes.evicted COUNT : 0
rocksdb.txn.overhead.mutex.prepare COUNT : 0
rocksdb.txn.overhead.mutex.old.commit.map COUNT : 0
rocksdb.txn.overhead.duplicate.key COUNT : 0
rocksdb.txn.overhead.mutex.snapshot COUNT : 0
rocksdb.number.multiget.keys.found COUNT : 0
rocksdb.num.iterator.created COUNT : 2
rocksdb.num.iterator.deleted COUNT : 2
rocksdb.db.get.micros P50 : 9.000000 P95 : 9.000000 P99 : 9.000000 P100 : 9.000000 COUNT : 1 SUM : 9
rocksdb.db.write.micros P50 : 0.000000 P95 : 0.000000 P99 : 0.000000 P100 : 0.000000 COUNT : 0 SUM : 0
rocksdb.compaction.times.micros P50 : 0.000000 P95 : 0.000000 P99 : 0.000000 P100 : 0.000000 COUNT : 0 SUM : 0
rocksdb.subcompaction.setup.times.micros P50 : 0.000000 P95 : 0.000000 P99 : 0.000000 P100 : 0.000000 COUNT : 0 SUM : 0
rocksdb.table.sync.micros P50 : 580.000000 P95 : 841.000000 P99 : 864.200000 P100 : 866.000000 COUNT : 2 SUM : 1361
rocksdb.compaction.outfile.sync.micros P50 : 0.000000 P95 : 0.000000 P99 : 0.000000 P100 : 0.000000 COUNT : 0 SUM : 0
rocksdb.wal.file.sync.micros P50 : 0.000000 P95 : 0.000000 P99 : 0.000000 P100 : 0.000000 COUNT : 0 SUM : 0
