2022/11/11-22:48:08.083433 2a14 RocksDB version: 5.18.4
2022/11/11-22:48:08.083496 2a14 Git sha rocksdb_build_git_sha:@b9a4a10659969c71e6f6eab4e4bae8c36ede919f@
2022/11/11-22:48:08.083533 2a14 Compile date Mar 11 2020
2022/11/11-22:48:08.083564 2a14 DB SUMMARY
2022/11/11-22:48:08.083958 2a14 CURRENT file:  CURRENT
2022/11/11-22:48:08.083996 2a14 IDENTITY file:  IDENTITY
2022/11/11-22:48:08.084040 2a14 MANIFEST file:  MANIFEST-000015 size: 412 Bytes
2022/11/11-22:48:08.084069 2a14 SST files in E:\Java\Java-frame-study\springcloud-study\nacos\data\protocol\raft\naming_service_metadata\log dir, Total Num: 6, files: 000006.sst 000008.sst 000010.sst 000012.sst 000014.sst 000016.sst 
2022/11/11-22:48:08.084095 2a14 Write Ahead Log file in E:\Java\Java-frame-study\springcloud-study\nacos\data\protocol\raft\naming_service_metadata\log: 000017.log size: 311 ; 
2022/11/11-22:48:08.084212 2a14                         Options.error_if_exists: 0
2022/11/11-22:48:08.084229 2a14                       Options.create_if_missing: 1
2022/11/11-22:48:08.084241 2a14                         Options.paranoid_checks: 1
2022/11/11-22:48:08.084252 2a14                                     Options.env: 0000000001051A10
2022/11/11-22:48:08.084263 2a14                                Options.info_log: 000000002E7501F0
2022/11/11-22:48:08.084275 2a14                Options.max_file_opening_threads: 16
2022/11/11-22:48:08.084286 2a14                              Options.statistics: 00000000219DABC0
2022/11/11-22:48:08.084297 2a14                               Options.use_fsync: 0
2022/11/11-22:48:08.084308 2a14                       Options.max_log_file_size: 0
2022/11/11-22:48:08.084320 2a14                  Options.max_manifest_file_size: 1073741824
2022/11/11-22:48:08.084331 2a14                   Options.log_file_time_to_roll: 0
2022/11/11-22:48:08.084343 2a14                       Options.keep_log_file_num: 1000
2022/11/11-22:48:08.084354 2a14                    Options.recycle_log_file_num: 0
2022/11/11-22:48:08.084365 2a14                         Options.allow_fallocate: 1
2022/11/11-22:48:08.084376 2a14                        Options.allow_mmap_reads: 0
2022/11/11-22:48:08.084387 2a14                       Options.allow_mmap_writes: 0
2022/11/11-22:48:08.084398 2a14                        Options.use_direct_reads: 0
2022/11/11-22:48:08.084409 2a14                        Options.use_direct_io_for_flush_and_compaction: 0
2022/11/11-22:48:08.084421 2a14          Options.create_missing_column_families: 1
2022/11/11-22:48:08.084432 2a14                              Options.db_log_dir: 
2022/11/11-22:48:08.084443 2a14                                 Options.wal_dir: E:\Java\Java-frame-study\springcloud-study\nacos\data\protocol\raft\naming_service_metadata\log
2022/11/11-22:48:08.084454 2a14                Options.table_cache_numshardbits: 6
2022/11/11-22:48:08.084466 2a14                      Options.max_subcompactions: 1
2022/11/11-22:48:08.084477 2a14                  Options.max_background_flushes: 1
2022/11/11-22:48:08.084488 2a14                         Options.WAL_ttl_seconds: 0
2022/11/11-22:48:08.084499 2a14                       Options.WAL_size_limit_MB: 0
2022/11/11-22:48:08.084511 2a14             Options.manifest_preallocation_size: 4194304
2022/11/11-22:48:08.084522 2a14                     Options.is_fd_close_on_exec: 1
2022/11/11-22:48:08.084533 2a14                   Options.advise_random_on_open: 1
2022/11/11-22:48:08.084545 2a14                    Options.db_write_buffer_size: 0
2022/11/11-22:48:08.084556 2a14                    Options.write_buffer_manager: 000000002E74F690
2022/11/11-22:48:08.084568 2a14         Options.access_hint_on_compaction_start: 1
2022/11/11-22:48:08.084579 2a14  Options.new_table_reader_for_compaction_inputs: 0
2022/11/11-22:48:08.084590 2a14           Options.random_access_max_buffer_size: 1048576
2022/11/11-22:48:08.084602 2a14                      Options.use_adaptive_mutex: 0
2022/11/11-22:48:08.084697 2a14                            Options.rate_limiter: 0000000000000000
2022/11/11-22:48:08.084709 2a14     Options.sst_file_manager.rate_bytes_per_sec: 0
2022/11/11-22:48:08.084750 2a14                       Options.wal_recovery_mode: 2
2022/11/11-22:48:08.084764 2a14                  Options.enable_thread_tracking: 0
2022/11/11-22:48:08.084775 2a14                  Options.enable_pipelined_write: 0
2022/11/11-22:48:08.084786 2a14         Options.allow_concurrent_memtable_write: 1
2022/11/11-22:48:08.084797 2a14      Options.enable_write_thread_adaptive_yield: 1
2022/11/11-22:48:08.084808 2a14             Options.write_thread_max_yield_usec: 100
2022/11/11-22:48:08.084820 2a14            Options.write_thread_slow_yield_usec: 3
2022/11/11-22:48:08.084831 2a14                               Options.row_cache: None
2022/11/11-22:48:08.084842 2a14                              Options.wal_filter: None
2022/11/11-22:48:08.084854 2a14             Options.avoid_flush_during_recovery: 0
2022/11/11-22:48:08.084865 2a14             Options.allow_ingest_behind: 0
2022/11/11-22:48:08.084876 2a14             Options.preserve_deletes: 0
2022/11/11-22:48:08.084888 2a14             Options.two_write_queues: 0
2022/11/11-22:48:08.084899 2a14             Options.manual_wal_flush: 0
2022/11/11-22:48:08.084910 2a14             Options.max_background_jobs: 2
2022/11/11-22:48:08.084921 2a14             Options.max_background_compactions: 4
2022/11/11-22:48:08.084932 2a14             Options.avoid_flush_during_shutdown: 0
2022/11/11-22:48:08.084943 2a14           Options.writable_file_max_buffer_size: 1048576
2022/11/11-22:48:08.084954 2a14             Options.delayed_write_rate : 16777216
2022/11/11-22:48:08.084965 2a14             Options.max_total_wal_size: 0
2022/11/11-22:48:08.084976 2a14             Options.delete_obsolete_files_period_micros: 21600000000
2022/11/11-22:48:08.084988 2a14                   Options.stats_dump_period_sec: 600
2022/11/11-22:48:08.084999 2a14                          Options.max_open_files: -1
2022/11/11-22:48:08.085010 2a14                          Options.bytes_per_sync: 0
2022/11/11-22:48:08.085021 2a14                      Options.wal_bytes_per_sync: 0
2022/11/11-22:48:08.085032 2a14       Options.compaction_readahead_size: 0
2022/11/11-22:48:08.085043 2a14 Compression algorithms supported:
2022/11/11-22:48:08.085055 2a14 	kZSTD supported: 1
2022/11/11-22:48:08.085066 2a14 	kSnappyCompression supported: 1
2022/11/11-22:48:08.085078 2a14 	kBZip2Compression supported: 0
2022/11/11-22:48:08.085089 2a14 	kZlibCompression supported: 1
2022/11/11-22:48:08.085100 2a14 	kLZ4Compression supported: 1
2022/11/11-22:48:08.085112 2a14 	kXpressCompression supported: 0
2022/11/11-22:48:08.085123 2a14 	kLZ4HCCompression supported: 1
2022/11/11-22:48:08.085134 2a14 	kZSTDNotFinalCompression supported: 1
2022/11/11-22:48:08.085149 2a14 Fast CRC32 supported: Supported on x86
2022/11/11-22:48:08.085801 2a14 [db\version_set.cc:3508] Recovering from manifest file: MANIFEST-000015
2022/11/11-22:48:08.085940 2a14 [db\column_family.cc:474] --------------- Options for column family [default]:
2022/11/11-22:48:08.085956 2a14               Options.comparator: leveldb.BytewiseComparator
2022/11/11-22:48:08.085968 2a14           Options.merge_operator: StringAppendOperator
2022/11/11-22:48:08.085979 2a14        Options.compaction_filter: None
2022/11/11-22:48:08.085990 2a14        Options.compaction_filter_factory: None
2022/11/11-22:48:08.086001 2a14         Options.memtable_factory: SkipListFactory
2022/11/11-22:48:08.086013 2a14            Options.table_factory: BlockBasedTable
2022/11/11-22:48:08.086045 2a14            table_factory options:   flush_block_policy_factory: FlushBlockBySizePolicyFactory (000000002E6FD7E0)
  cache_index_and_filter_blocks: 0
  cache_index_and_filter_blocks_with_high_priority: 1
  pin_l0_filter_and_index_blocks_in_cache: 1
  pin_top_level_index_and_filter: 1
  index_type: 2
  hash_index_allow_collision: 1
  checksum: 1
  no_block_cache: 0
  block_cache: 000000002E6A89D0
  block_cache_name: LRUCache
  block_cache_options:
    capacity : 536870912
    num_shard_bits : 8
    strict_capacity_limit : 0
    memory_allocator : None
    high_pri_pool_ratio: 0.000
  block_cache_compressed: 0000000000000000
  persistent_cache: 0000000000000000
  block_size: 4096
  block_size_deviation: 10
  block_restart_interval: 16
  index_block_restart_interval: 1
  metadata_block_size: 8192
  partition_filters: 1
  use_delta_encoding: 1
  filter_policy: nullptr
  whole_key_filtering: 1
  verify_compression: 0
  read_amp_bytes_per_bit: 0
  format_version: 0
  enable_index_compression: 1
  block_align: 0
2022/11/11-22:48:08.086087 2a14        Options.write_buffer_size: 67108864
2022/11/11-22:48:08.086100 2a14  Options.max_write_buffer_number: 3
2022/11/11-22:48:08.086112 2a14          Options.compression: Snappy
2022/11/11-22:48:08.086123 2a14                  Options.bottommost_compression: Disabled
2022/11/11-22:48:08.086134 2a14       Options.prefix_extractor: rocksdb.FixedPrefix.8
2022/11/11-22:48:08.086146 2a14   Options.memtable_insert_with_hint_prefix_extractor: nullptr
2022/11/11-22:48:08.086157 2a14             Options.num_levels: 7
2022/11/11-22:48:08.086168 2a14        Options.min_write_buffer_number_to_merge: 1
2022/11/11-22:48:08.086179 2a14     Options.max_write_buffer_number_to_maintain: 0
2022/11/11-22:48:08.086190 2a14            Options.bottommost_compression_opts.window_bits: -14
2022/11/11-22:48:08.086201 2a14                  Options.bottommost_compression_opts.level: 32767
2022/11/11-22:48:08.086213 2a14               Options.bottommost_compression_opts.strategy: 0
2022/11/11-22:48:08.086224 2a14         Options.bottommost_compression_opts.max_dict_bytes: 0
2022/11/11-22:48:08.086235 2a14         Options.bottommost_compression_opts.zstd_max_train_bytes: 0
2022/11/11-22:48:08.086246 2a14                  Options.bottommost_compression_opts.enabled: false
2022/11/11-22:48:08.086257 2a14            Options.compression_opts.window_bits: -14
2022/11/11-22:48:08.086268 2a14                  Options.compression_opts.level: 32767
2022/11/11-22:48:08.086279 2a14               Options.compression_opts.strategy: 0
2022/11/11-22:48:08.086290 2a14         Options.compression_opts.max_dict_bytes: 0
2022/11/11-22:48:08.086302 2a14         Options.compression_opts.zstd_max_train_bytes: 0
2022/11/11-22:48:08.086313 2a14                  Options.compression_opts.enabled: false
2022/11/11-22:48:08.086324 2a14      Options.level0_file_num_compaction_trigger: 10
2022/11/11-22:48:08.086335 2a14          Options.level0_slowdown_writes_trigger: 20
2022/11/11-22:48:08.086346 2a14              Options.level0_stop_writes_trigger: 40
2022/11/11-22:48:08.086357 2a14                   Options.target_file_size_base: 67108864
2022/11/11-22:48:08.086368 2a14             Options.target_file_size_multiplier: 1
2022/11/11-22:48:08.086379 2a14                Options.max_bytes_for_level_base: 536870912
2022/11/11-22:48:08.086390 2a14 Options.level_compaction_dynamic_level_bytes: 0
2022/11/11-22:48:08.086402 2a14          Options.max_bytes_for_level_multiplier: 10.000000
2022/11/11-22:48:08.086414 2a14 Options.max_bytes_for_level_multiplier_addtl[0]: 1
2022/11/11-22:48:08.086425 2a14 Options.max_bytes_for_level_multiplier_addtl[1]: 1
2022/11/11-22:48:08.086437 2a14 Options.max_bytes_for_level_multiplier_addtl[2]: 1
2022/11/11-22:48:08.086448 2a14 Options.max_bytes_for_level_multiplier_addtl[3]: 1
2022/11/11-22:48:08.086459 2a14 Options.max_bytes_for_level_multiplier_addtl[4]: 1
2022/11/11-22:48:08.086470 2a14 Options.max_bytes_for_level_multiplier_addtl[5]: 1
2022/11/11-22:48:08.086481 2a14 Options.max_bytes_for_level_multiplier_addtl[6]: 1
2022/11/11-22:48:08.086492 2a14       Options.max_sequential_skip_in_iterations: 8
2022/11/11-22:48:08.086503 2a14                    Options.max_compaction_bytes: 1677721600
2022/11/11-22:48:08.086514 2a14                        Options.arena_block_size: 8388608
2022/11/11-22:48:08.086525 2a14   Options.soft_pending_compaction_bytes_limit: 68719476736
2022/11/11-22:48:08.086537 2a14   Options.hard_pending_compaction_bytes_limit: 274877906944
2022/11/11-22:48:08.086548 2a14       Options.rate_limit_delay_max_milliseconds: 100
2022/11/11-22:48:08.086560 2a14                Options.disable_auto_compactions: 0
2022/11/11-22:48:08.086573 2a14                        Options.compaction_style: kCompactionStyleLevel
2022/11/11-22:48:08.086585 2a14                          Options.compaction_pri: kByCompensatedSize
2022/11/11-22:48:08.086596 2a14 Options.compaction_options_universal.size_ratio: 1
2022/11/11-22:48:08.086607 2a14 Options.compaction_options_universal.min_merge_width: 2
2022/11/11-22:48:08.086625 2a14 Options.compaction_options_universal.max_merge_width: 4294967295
2022/11/11-22:48:08.086637 2a14 Options.compaction_options_universal.max_size_amplification_percent: 200
2022/11/11-22:48:08.086648 2a14 Options.compaction_options_universal.compression_size_percent: -1
2022/11/11-22:48:08.086660 2a14 Options.compaction_options_universal.stop_style: kCompactionStopStyleTotalSize
2022/11/11-22:48:08.086671 2a14 Options.compaction_options_fifo.max_table_files_size: 1073741824
2022/11/11-22:48:08.086682 2a14 Options.compaction_options_fifo.allow_compaction: 0
2022/11/11-22:48:08.086693 2a14 Options.compaction_options_fifo.ttl: 0
2022/11/11-22:48:08.086704 2a14                   Options.table_properties_collectors: 
2022/11/11-22:48:08.086715 2a14                   Options.inplace_update_support: 0
2022/11/11-22:48:08.086726 2a14                 Options.inplace_update_num_locks: 10000
2022/11/11-22:48:08.086738 2a14               Options.memtable_prefix_bloom_size_ratio: 0.125000
2022/11/11-22:48:08.086749 2a14   Options.memtable_huge_page_size: 0
2022/11/11-22:48:08.086760 2a14                           Options.bloom_locality: 0
2022/11/11-22:48:08.086772 2a14                    Options.max_successive_merges: 0
2022/11/11-22:48:08.086783 2a14                Options.optimize_filters_for_hits: 0
2022/11/11-22:48:08.086794 2a14                Options.paranoid_file_checks: 0
2022/11/11-22:48:08.086805 2a14                Options.force_consistency_checks: 1
2022/11/11-22:48:08.086816 2a14                Options.report_bg_io_stats: 0
2022/11/11-22:48:08.086828 2a14                               Options.ttl: 0
2022/11/11-22:48:08.089017 2a14 [db\column_family.cc:474] --------------- Options for column family [Configuration]:
2022/11/11-22:48:08.089051 2a14               Options.comparator: leveldb.BytewiseComparator
2022/11/11-22:48:08.089063 2a14           Options.merge_operator: StringAppendOperator
2022/11/11-22:48:08.089074 2a14        Options.compaction_filter: None
2022/11/11-22:48:08.089086 2a14        Options.compaction_filter_factory: None
2022/11/11-22:48:08.089097 2a14         Options.memtable_factory: SkipListFactory
2022/11/11-22:48:08.089108 2a14            Options.table_factory: BlockBasedTable
2022/11/11-22:48:08.089150 2a14            table_factory options:   flush_block_policy_factory: FlushBlockBySizePolicyFactory (000000002E6FD7E0)
  cache_index_and_filter_blocks: 0
  cache_index_and_filter_blocks_with_high_priority: 1
  pin_l0_filter_and_index_blocks_in_cache: 1
  pin_top_level_index_and_filter: 1
  index_type: 2
  hash_index_allow_collision: 1
  checksum: 1
  no_block_cache: 0
  block_cache: 000000002E6A89D0
  block_cache_name: LRUCache
  block_cache_options:
    capacity : 536870912
    num_shard_bits : 8
    strict_capacity_limit : 0
    memory_allocator : None
    high_pri_pool_ratio: 0.000
  block_cache_compressed: 0000000000000000
  persistent_cache: 0000000000000000
  block_size: 4096
  block_size_deviation: 10
  block_restart_interval: 16
  index_block_restart_interval: 1
  metadata_block_size: 8192
  partition_filters: 1
  use_delta_encoding: 1
  filter_policy: nullptr
  whole_key_filtering: 1
  verify_compression: 0
  read_amp_bytes_per_bit: 0
  format_version: 0
  enable_index_compression: 1
  block_align: 0
2022/11/11-22:48:08.089164 2a14        Options.write_buffer_size: 67108864
2022/11/11-22:48:08.089175 2a14  Options.max_write_buffer_number: 3
2022/11/11-22:48:08.089186 2a14          Options.compression: Snappy
2022/11/11-22:48:08.089198 2a14                  Options.bottommost_compression: Disabled
2022/11/11-22:48:08.089209 2a14       Options.prefix_extractor: rocksdb.FixedPrefix.8
2022/11/11-22:48:08.089271 2a14   Options.memtable_insert_with_hint_prefix_extractor: nullptr
2022/11/11-22:48:08.089284 2a14             Options.num_levels: 7
2022/11/11-22:48:08.089295 2a14        Options.min_write_buffer_number_to_merge: 1
2022/11/11-22:48:08.089306 2a14     Options.max_write_buffer_number_to_maintain: 0
2022/11/11-22:48:08.089318 2a14            Options.bottommost_compression_opts.window_bits: -14
2022/11/11-22:48:08.089329 2a14                  Options.bottommost_compression_opts.level: 32767
2022/11/11-22:48:08.089340 2a14               Options.bottommost_compression_opts.strategy: 0
2022/11/11-22:48:08.089351 2a14         Options.bottommost_compression_opts.max_dict_bytes: 0
2022/11/11-22:48:08.089363 2a14         Options.bottommost_compression_opts.zstd_max_train_bytes: 0
2022/11/11-22:48:08.089374 2a14                  Options.bottommost_compression_opts.enabled: false
2022/11/11-22:48:08.089385 2a14            Options.compression_opts.window_bits: -14
2022/11/11-22:48:08.089396 2a14                  Options.compression_opts.level: 32767
2022/11/11-22:48:08.089407 2a14               Options.compression_opts.strategy: 0
2022/11/11-22:48:08.089418 2a14         Options.compression_opts.max_dict_bytes: 0
2022/11/11-22:48:08.089430 2a14         Options.compression_opts.zstd_max_train_bytes: 0
2022/11/11-22:48:08.089441 2a14                  Options.compression_opts.enabled: false
2022/11/11-22:48:08.089452 2a14      Options.level0_file_num_compaction_trigger: 10
2022/11/11-22:48:08.089463 2a14          Options.level0_slowdown_writes_trigger: 20
2022/11/11-22:48:08.089474 2a14              Options.level0_stop_writes_trigger: 40
2022/11/11-22:48:08.089486 2a14                   Options.target_file_size_base: 67108864
2022/11/11-22:48:08.089497 2a14             Options.target_file_size_multiplier: 1
2022/11/11-22:48:08.089508 2a14                Options.max_bytes_for_level_base: 536870912
2022/11/11-22:48:08.089519 2a14 Options.level_compaction_dynamic_level_bytes: 0
2022/11/11-22:48:08.089530 2a14          Options.max_bytes_for_level_multiplier: 10.000000
2022/11/11-22:48:08.089543 2a14 Options.max_bytes_for_level_multiplier_addtl[0]: 1
2022/11/11-22:48:08.089555 2a14 Options.max_bytes_for_level_multiplier_addtl[1]: 1
2022/11/11-22:48:08.089566 2a14 Options.max_bytes_for_level_multiplier_addtl[2]: 1
2022/11/11-22:48:08.089577 2a14 Options.max_bytes_for_level_multiplier_addtl[3]: 1
2022/11/11-22:48:08.089588 2a14 Options.max_bytes_for_level_multiplier_addtl[4]: 1
2022/11/11-22:48:08.089599 2a14 Options.max_bytes_for_level_multiplier_addtl[5]: 1
2022/11/11-22:48:08.089676 2a14 Options.max_bytes_for_level_multiplier_addtl[6]: 1
2022/11/11-22:48:08.089687 2a14       Options.max_sequential_skip_in_iterations: 8
2022/11/11-22:48:08.089699 2a14                    Options.max_compaction_bytes: 1677721600
2022/11/11-22:48:08.089710 2a14                        Options.arena_block_size: 8388608
2022/11/11-22:48:08.089721 2a14   Options.soft_pending_compaction_bytes_limit: 68719476736
2022/11/11-22:48:08.089732 2a14   Options.hard_pending_compaction_bytes_limit: 274877906944
2022/11/11-22:48:08.089743 2a14       Options.rate_limit_delay_max_milliseconds: 100
2022/11/11-22:48:08.089757 2a14                Options.disable_auto_compactions: 0
2022/11/11-22:48:08.089771 2a14                        Options.compaction_style: kCompactionStyleLevel
2022/11/11-22:48:08.089783 2a14                          Options.compaction_pri: kByCompensatedSize
2022/11/11-22:48:08.089794 2a14 Options.compaction_options_universal.size_ratio: 1
2022/11/11-22:48:08.089805 2a14 Options.compaction_options_universal.min_merge_width: 2
2022/11/11-22:48:08.089816 2a14 Options.compaction_options_universal.max_merge_width: 4294967295
2022/11/11-22:48:08.089827 2a14 Options.compaction_options_universal.max_size_amplification_percent: 200
2022/11/11-22:48:08.089839 2a14 Options.compaction_options_universal.compression_size_percent: -1
2022/11/11-22:48:08.089850 2a14 Options.compaction_options_universal.stop_style: kCompactionStopStyleTotalSize
2022/11/11-22:48:08.089863 2a14 Options.compaction_options_fifo.max_table_files_size: 1073741824
2022/11/11-22:48:08.089875 2a14 Options.compaction_options_fifo.allow_compaction: 0
2022/11/11-22:48:08.089886 2a14 Options.compaction_options_fifo.ttl: 0
2022/11/11-22:48:08.089897 2a14                   Options.table_properties_collectors: 
2022/11/11-22:48:08.089908 2a14                   Options.inplace_update_support: 0
2022/11/11-22:48:08.089919 2a14                 Options.inplace_update_num_locks: 10000
2022/11/11-22:48:08.089930 2a14               Options.memtable_prefix_bloom_size_ratio: 0.125000
2022/11/11-22:48:08.089942 2a14   Options.memtable_huge_page_size: 0
2022/11/11-22:48:08.089953 2a14                           Options.bloom_locality: 0
2022/11/11-22:48:08.089964 2a14                    Options.max_successive_merges: 0
2022/11/11-22:48:08.089975 2a14                Options.optimize_filters_for_hits: 0
2022/11/11-22:48:08.089986 2a14                Options.paranoid_file_checks: 0
2022/11/11-22:48:08.089997 2a14                Options.force_consistency_checks: 1
2022/11/11-22:48:08.090008 2a14                Options.report_bg_io_stats: 0
2022/11/11-22:48:08.090019 2a14                               Options.ttl: 0
2022/11/11-22:48:08.094461 2a14 [db\version_set.cc:3724] Recovered from manifest file:E:\Java\Java-frame-study\springcloud-study\nacos\data\protocol\raft\naming_service_metadata\log/MANIFEST-000015 succeeded,manifest_file_number is 15, next_file_number is 18, last_sequence is 25, log_number is 0,prev_log_number is 0,max_column_family is 1,min_log_number_to_keep is 0
2022/11/11-22:48:08.094487 2a14 [db\version_set.cc:3732] Column family [default] (ID 0), log number is 14
2022/11/11-22:48:08.094499 2a14 [db\version_set.cc:3732] Column family [Configuration] (ID 1), log number is 14
2022/11/11-22:48:08.094823 2a14 EVENT_LOG_v1 {"time_micros": 1668178088094814, "job": 1, "event": "recovery_started", "log_files": [17]}
2022/11/11-22:48:08.094842 2a14 [db\db_impl_open.cc:578] Recovering log #17 mode 2
2022/11/11-22:48:08.096501 2a14 EVENT_LOG_v1 {"time_micros": 1668178088096484, "cf_name": "default", "job": 1, "event": "table_file_creation", "file_number": 18, "file_size": 861, "table_properties": {"data_size": 65, "index_size": 49, "filter_size": 0, "raw_key_size": 32, "raw_average_key_size": 32, "raw_value_size": 41, "raw_average_value_size": 41, "num_data_blocks": 1, "num_entries": 1, "filter_policy_name": ""}}
2022/11/11-22:48:08.098979 2a14 [db\version_set.cc:3037] Creating manifest 19
2022/11/11-22:48:08.103102 2a14 EVENT_LOG_v1 {"time_micros": 1668178088103083, "cf_name": "Configuration", "job": 1, "event": "table_file_creation", "file_number": 20, "file_size": 905, "table_properties": {"data_size": 102, "index_size": 49, "filter_size": 0, "raw_key_size": 58, "raw_average_key_size": 29, "raw_value_size": 49, "raw_average_value_size": 24, "num_data_blocks": 1, "num_entries": 2, "filter_policy_name": ""}}
2022/11/11-22:48:08.106171 2a14 EVENT_LOG_v1 {"time_micros": 1668178088106165, "job": 1, "event": "recovery_finished"}
2022/11/11-22:48:08.110983 2a14 [db\db_impl_open.cc:1314] DB pointer 0000000030E6EC50
2022/11/11-22:48:08.111368 4c44 [WARN] [db\db_impl.cc:669] ------- DUMPING STATS -------
2022/11/11-22:48:08.111397 4c44 [WARN] [db\db_impl.cc:670] 
** DB Stats **
Uptime(secs): 0.0 total, 0.0 interval
Cumulative writes: 0 writes, 0 keys, 0 commit groups, 0.0 writes per commit group, ingest: 0.00 GB, 0.00 MB/s
Cumulative WAL: 0 writes, 0 syncs, 0.00 writes per sync, written: 0.00 GB, 0.00 MB/s
Cumulative stall: 00:00:0.000 H:M:S, 0.0 percent
Interval writes: 0 writes, 0 keys, 0 commit groups, 0.0 writes per commit group, ingest: 0.00 MB, 0.00 MB/s
Interval WAL: 0 writes, 0 syncs, 0.00 writes per sync, written: 0.00 MB, 0.00 MB/s
Interval stall: 00:00:0.000 H:M:S, 0.0 percent

** Compaction Stats [default] **
Level    Files   Size     Score Read(GB)  Rn(GB) Rnp1(GB) Write(GB) Wnew(GB) Moved(GB) W-Amp Rd(MB/s) Wr(MB/s) Comp(sec) Comp(cnt) Avg(sec) KeyIn KeyDrop
----------------------------------------------------------------------------------------------------------------------------------------------------------
  L0      4/0    3.01 KB   0.4      0.0     0.0      0.0       0.0      0.0       0.0   1.0      0.0      0.7         0         1    0.001       0      0
 Sum      4/0    3.01 KB   0.0      0.0     0.0      0.0       0.0      0.0       0.0   1.0      0.0      0.7         0         1    0.001       0      0
 Int      0/0    0.00 KB   0.0      0.0     0.0      0.0       0.0      0.0       0.0   1.0      0.0      0.7         0         1    0.001       0      0
Uptime(secs): 0.0 total, 0.0 interval
Flush(GB): cumulative 0.000, interval 0.000
AddFile(GB): cumulative 0.000, interval 0.000
AddFile(Total Files): cumulative 0, interval 0
AddFile(L0 Files): cumulative 0, interval 0
AddFile(Keys): cumulative 0, interval 0
Cumulative compaction: 0.00 GB write, 0.03 MB/s write, 0.00 GB read, 0.00 MB/s read, 0.0 seconds
Interval compaction: 0.00 GB write, 0.03 MB/s write, 0.00 GB read, 0.00 MB/s read, 0.0 seconds
Stalls(count): 0 level0_slowdown, 0 level0_slowdown_with_compaction, 0 level0_numfiles, 0 level0_numfiles_with_compaction, 0 stop for pending_compaction_bytes, 0 slowdown for pending_compaction_bytes, 0 memtable_compaction, 0 memtable_slowdown, interval 0 total count

** File Read Latency Histogram By Level [default] **
** Level 0 read latency histogram (micros):
Count: 21 Average: 28.9048  StdDev: 84.37
Min: 1  Median: 2.8333  Max: 395
Percentiles: P50: 2.83 P75: 5.83 P99: 395.00 P99.9: 395.00 P99.99: 395.00
------------------------------------------------------
[       0,       1 ]        1   4.762%   4.762% #
(       1,       2 ]        7  33.333%  38.095% #######
(       2,       3 ]        3  14.286%  52.381% ###
(       3,       4 ]        2   9.524%  61.905% ##
(       4,       6 ]        3  14.286%  76.190% ###
(       6,      10 ]        2   9.524%  85.714% ##
(      51,      76 ]        2   9.524%  95.238% ##
(     380,     580 ]        1   4.762% 100.000% #


** Compaction Stats [Configuration] **
Level    Files   Size     Score Read(GB)  Rn(GB) Rnp1(GB) Write(GB) Wnew(GB) Moved(GB) W-Amp Rd(MB/s) Wr(MB/s) Comp(sec) Comp(cnt) Avg(sec) KeyIn KeyDrop
----------------------------------------------------------------------------------------------------------------------------------------------------------
  L0      4/0    3.32 KB   0.4      0.0     0.0      0.0       0.0      0.0       0.0   1.0      0.0      0.6         0         1    0.001       0      0
 Sum      4/0    3.32 KB   0.0      0.0     0.0      0.0       0.0      0.0       0.0   1.0      0.0      0.6         0         1    0.001       0      0
 Int      0/0    0.00 KB   0.0      0.0     0.0      0.0       0.0      0.0       0.0   1.0      0.0      0.6         0         1    0.001       0      0
Uptime(secs): 0.0 total, 0.0 interval
Flush(GB): cumulative 0.000, interval 0.000
AddFile(GB): cumulative 0.000, interval 0.000
AddFile(Total Files): cumulative 0, interval 0
AddFile(L0 Files): cumulative 0, interval 0
AddFile(Keys): cumulative 0, interval 0
Cumulative compaction: 0.00 GB write, 0.04 MB/s write, 0.00 GB read, 0.00 MB/s read, 0.0 seconds
Interval compaction: 0.00 GB write, 0.04 MB/s write, 0.00 GB read, 0.00 MB/s read, 0.0 seconds
Stalls(count): 0 level0_slowdown, 0 level0_slowdown_with_compaction, 0 level0_numfiles, 0 level0_numfiles_with_compaction, 0 stop for pending_compaction_bytes, 0 slowdown for pending_compaction_bytes, 0 memtable_compaction, 0 memtable_slowdown, interval 0 total count

** File Read Latency Histogram By Level [Configuration] **
** Level 0 read latency histogram (micros):
Count: 27 Average: 37.6296  StdDev: 100.43
Min: 1  Median: 2.3000  Max: 376
Percentiles: P50: 2.30 P75: 3.81 P99: 362.45 P99.9: 376.00 P99.99: 376.00
------------------------------------------------------
[       0,       1 ]        3  11.111%  11.111% ##
(       1,       2 ]        9  33.333%  44.444% #######
(       2,       3 ]        5  18.519%  62.963% ####
(       3,       4 ]        4  14.815%  77.778% ###
(       6,      10 ]        1   3.704%  81.481% #
(      10,      15 ]        2   7.407%  88.889% #
(     170,     250 ]        1   3.704%  92.593% #
(     250,     380 ]        2   7.407% 100.000% #


** Compaction Stats [default] **
Level    Files   Size     Score Read(GB)  Rn(GB) Rnp1(GB) Write(GB) Wnew(GB) Moved(GB) W-Amp Rd(MB/s) Wr(MB/s) Comp(sec) Comp(cnt) Avg(sec) KeyIn KeyDrop
----------------------------------------------------------------------------------------------------------------------------------------------------------
  L0      4/0    3.01 KB   0.4      0.0     0.0      0.0       0.0      0.0       0.0   1.0      0.0      0.7         0         1    0.001       0      0
 Sum      4/0    3.01 KB   0.0      0.0     0.0      0.0       0.0      0.0       0.0   1.0      0.0      0.7         0         1    0.001       0      0
 Int      0/0    0.00 KB   0.0      0.0     0.0      0.0       0.0      0.0       0.0   0.0      0.0      0.0         0         0    0.000       0      0
Uptime(secs): 0.0 total, 0.0 interval
Flush(GB): cumulative 0.000, interval 0.000
AddFile(GB): cumulative 0.000, interval 0.000
AddFile(Total Files): cumulative 0, interval 0
AddFile(L0 Files): cumulative 0, interval 0
AddFile(Keys): cumulative 0, interval 0
Cumulative compaction: 0.00 GB write, 0.03 MB/s write, 0.00 GB read, 0.00 MB/s read, 0.0 seconds
Interval compaction: 0.00 GB write, 0.00 MB/s write, 0.00 GB read, 0.00 MB/s read, 0.0 seconds
Stalls(count): 0 level0_slowdown, 0 level0_slowdown_with_compaction, 0 level0_numfiles, 0 level0_numfiles_with_compaction, 0 stop for pending_compaction_bytes, 0 slowdown for pending_compaction_bytes, 0 memtable_compaction, 0 memtable_slowdown, interval 0 total count

** File Read Latency Histogram By Level [default] **
** Level 0 read latency histogram (micros):
Count: 21 Average: 28.9048  StdDev: 84.37
Min: 1  Median: 2.8333  Max: 395
Percentiles: P50: 2.83 P75: 5.83 P99: 395.00 P99.9: 395.00 P99.99: 395.00
------------------------------------------------------
[       0,       1 ]        1   4.762%   4.762% #
(       1,       2 ]        7  33.333%  38.095% #######
(       2,       3 ]        3  14.286%  52.381% ###
(       3,       4 ]        2   9.524%  61.905% ##
(       4,       6 ]        3  14.286%  76.190% ###
(       6,      10 ]        2   9.524%  85.714% ##
(      51,      76 ]        2   9.524%  95.238% ##
(     380,     580 ]        1   4.762% 100.000% #


** Compaction Stats [Configuration] **
Level    Files   Size     Score Read(GB)  Rn(GB) Rnp1(GB) Write(GB) Wnew(GB) Moved(GB) W-Amp Rd(MB/s) Wr(MB/s) Comp(sec) Comp(cnt) Avg(sec) KeyIn KeyDrop
----------------------------------------------------------------------------------------------------------------------------------------------------------
  L0      4/0    3.32 KB   0.4      0.0     0.0      0.0       0.0      0.0       0.0   1.0      0.0      0.6         0         1    0.001       0      0
 Sum      4/0    3.32 KB   0.0      0.0     0.0      0.0       0.0      0.0       0.0   1.0      0.0      0.6         0         1    0.001       0      0
 Int      0/0    0.00 KB   0.0      0.0     0.0      0.0       0.0      0.0       0.0   0.0      0.0      0.0         0         0    0.000       0      0
Uptime(secs): 0.0 total, 0.0 interval
Flush(GB): cumulative 0.000, interval 0.000
AddFile(GB): cumulative 0.000, interval 0.000
AddFile(Total Files): cumulative 0, interval 0
AddFile(L0 Files): cumulative 0, interval 0
AddFile(Keys): cumulative 0, interval 0
Cumulative compaction: 0.00 GB write, 0.04 MB/s write, 0.00 GB read, 0.00 MB/s read, 0.0 seconds
Interval compaction: 0.00 GB write, 0.00 MB/s write, 0.00 GB read, 0.00 MB/s read, 0.0 seconds
Stalls(count): 0 level0_slowdown, 0 level0_slowdown_with_compaction, 0 level0_numfiles, 0 level0_numfiles_with_compaction, 0 stop for pending_compaction_bytes, 0 slowdown for pending_compaction_bytes, 0 memtable_compaction, 0 memtable_slowdown, interval 0 total count

** File Read Latency Histogram By Level [Configuration] **
** Level 0 read latency histogram (micros):
Count: 27 Average: 37.6296  StdDev: 100.43
Min: 1  Median: 2.3000  Max: 376
Percentiles: P50: 2.30 P75: 3.81 P99: 362.45 P99.9: 376.00 P99.99: 376.00
------------------------------------------------------
[       0,       1 ]        3  11.111%  11.111% ##
(       1,       2 ]        9  33.333%  44.444% #######
(       2,       3 ]        5  18.519%  62.963% ####
(       3,       4 ]        4  14.815%  77.778% ###
(       6,      10 ]        1   3.704%  81.481% #
(      10,      15 ]        2   7.407%  88.889% #
(     170,     250 ]        1   3.704%  92.593% #
(     250,     380 ]        2   7.407% 100.000% #

2022/11/11-22:48:08.111838 4c44 [WARN] [db\db_impl.cc:617] STATISTICS:
 rocksdb.block.cache.miss COUNT : 18
rocksdb.block.cache.hit COUNT : 8
rocksdb.block.cache.add COUNT : 18
rocksdb.block.cache.add.failures COUNT : 0
rocksdb.block.cache.index.miss COUNT : 6
rocksdb.block.cache.index.hit COUNT : 7
rocksdb.block.cache.index.add COUNT : 6
rocksdb.block.cache.index.bytes.insert COUNT : 612
rocksdb.block.cache.index.bytes.evict COUNT : 0
rocksdb.block.cache.filter.miss COUNT : 0
rocksdb.block.cache.filter.hit COUNT : 0
rocksdb.block.cache.filter.add COUNT : 0
rocksdb.block.cache.filter.bytes.insert COUNT : 0
rocksdb.block.cache.filter.bytes.evict COUNT : 0
rocksdb.block.cache.data.miss COUNT : 12
rocksdb.block.cache.data.hit COUNT : 1
rocksdb.block.cache.data.add COUNT : 12
rocksdb.block.cache.data.bytes.insert COUNT : 1537
rocksdb.block.cache.bytes.read COUNT : 854
rocksdb.block.cache.bytes.write COUNT : 2149
rocksdb.bloom.filter.useful COUNT : 0
rocksdb.bloom.filter.full.positive COUNT : 0
rocksdb.bloom.filter.full.true.positive COUNT : 0
rocksdb.persistent.cache.hit COUNT : 0
rocksdb.persistent.cache.miss COUNT : 0
rocksdb.sim.block.cache.hit COUNT : 0
rocksdb.sim.block.cache.miss COUNT : 0
rocksdb.memtable.hit COUNT : 0
rocksdb.memtable.miss COUNT : 1
rocksdb.l0.hit COUNT : 1
rocksdb.l1.hit COUNT : 0
rocksdb.l2andup.hit COUNT : 0
rocksdb.compaction.key.drop.new COUNT : 0
rocksdb.compaction.key.drop.obsolete COUNT : 0
rocksdb.compaction.key.drop.range_del COUNT : 0
rocksdb.compaction.key.drop.user COUNT : 0
rocksdb.compaction.range_del.drop.obsolete COUNT : 0
rocksdb.compaction.optimized.del.drop.obsolete COUNT : 0
rocksdb.compaction.cancelled COUNT : 0
rocksdb.number.keys.written COUNT : 0
rocksdb.number.keys.read COUNT : 1
rocksdb.number.keys.updated COUNT : 0
rocksdb.bytes.written COUNT : 0
rocksdb.bytes.read COUNT : 33
rocksdb.number.db.seek COUNT : 2
rocksdb.number.db.next COUNT : 2
rocksdb.number.db.prev COUNT : 0
rocksdb.number.db.seek.found COUNT : 2
rocksdb.number.db.next.found COUNT : 1
rocksdb.number.db.prev.found COUNT : 0
rocksdb.db.iter.bytes.read COUNT : 108
rocksdb.no.file.closes COUNT : 0
rocksdb.no.file.opens COUNT : 8
rocksdb.no.file.errors COUNT : 0
rocksdb.l0.slowdown.micros COUNT : 0
rocksdb.memtable.compaction.micros COUNT : 0
rocksdb.l0.num.files.stall.micros COUNT : 0
rocksdb.stall.micros COUNT : 0
rocksdb.db.mutex.wait.micros COUNT : 0
rocksdb.rate.limit.delay.millis COUNT : 0
rocksdb.num.iterators COUNT : 0
rocksdb.number.multiget.get COUNT : 0
rocksdb.number.multiget.keys.read COUNT : 0
rocksdb.number.multiget.bytes.read COUNT : 0
rocksdb.number.deletes.filtered COUNT : 0
rocksdb.number.merge.failures COUNT : 0
rocksdb.bloom.filter.prefix.checked COUNT : 0
rocksdb.bloom.filter.prefix.useful COUNT : 0
rocksdb.number.reseeks.iteration COUNT : 0
rocksdb.getupdatessince.calls COUNT : 0
rocksdb.block.cachecompressed.miss COUNT : 0
rocksdb.block.cachecompressed.hit COUNT : 0
rocksdb.block.cachecompressed.add COUNT : 0
rocksdb.block.cachecompressed.add.failures COUNT : 0
rocksdb.wal.synced COUNT : 0
rocksdb.wal.bytes COUNT : 0
rocksdb.write.self COUNT : 0
rocksdb.write.other COUNT : 0
rocksdb.write.timeout COUNT : 0
rocksdb.write.wal COUNT : 0
rocksdb.compact.read.bytes COUNT : 0
rocksdb.compact.write.bytes COUNT : 1766
rocksdb.flush.write.bytes COUNT : 0
rocksdb.number.direct.load.table.properties COUNT : 0
rocksdb.number.superversion_acquires COUNT : 2
rocksdb.number.superversion_releases COUNT : 0
rocksdb.number.superversion_cleanups COUNT : 0
rocksdb.number.block.compressed COUNT : 0
rocksdb.number.block.decompressed COUNT : 2
rocksdb.number.block.not_compressed COUNT : 0
rocksdb.merge.operation.time.nanos COUNT : 0
rocksdb.filter.operation.time.nanos COUNT : 0
rocksdb.row.cache.hit COUNT : 0
rocksdb.row.cache.miss COUNT : 0
rocksdb.read.amp.estimate.useful.bytes COUNT : 0
rocksdb.read.amp.total.read.bytes COUNT : 0
rocksdb.number.rate_limiter.drains COUNT : 0
rocksdb.number.iter.skip COUNT : 3
rocksdb.blobdb.num.put COUNT : 0
rocksdb.blobdb.num.write COUNT : 0
rocksdb.blobdb.num.get COUNT : 0
rocksdb.blobdb.num.multiget COUNT : 0
rocksdb.blobdb.num.seek COUNT : 0
rocksdb.blobdb.num.next COUNT : 0
rocksdb.blobdb.num.prev COUNT : 0
rocksdb.blobdb.num.keys.written COUNT : 0
rocksdb.blobdb.num.keys.read COUNT : 0
rocksdb.blobdb.bytes.written COUNT : 0
rocksdb.blobdb.bytes.read COUNT : 0
rocksdb.blobdb.write.inlined COUNT : 0
rocksdb.blobdb.write.inlined.ttl COUNT : 0
rocksdb.blobdb.write.blob COUNT : 0
rocksdb.blobdb.write.blob.ttl COUNT : 0
rocksdb.blobdb.blob.file.bytes.written COUNT : 0
rocksdb.blobdb.blob.file.bytes.read COUNT : 0
rocksdb.blobdb.blob.file.synced COUNT : 0
rocksdb.blobdb.blob.index.expired.count COUNT : 0
rocksdb.blobdb.blob.index.expired.size COUNT : 0
rocksdb.blobdb.blob.index.evicted.count COUNT : 0
rocksdb.blobdb.blob.index.evicted.size COUNT : 0
rocksdb.blobdb.gc.num.files COUNT : 0
rocksdb.blobdb.gc.num.new.files COUNT : 0
rocksdb.blobdb.gc.failures COUNT : 0
rocksdb.blobdb.gc.num.keys.overwritten COUNT : 0
rocksdb.blobdb.gc.num.keys.expired COUNT : 0
rocksdb.blobdb.gc.num.keys.relocated COUNT : 0
rocksdb.blobdb.gc.bytes.overwritten COUNT : 0
rocksdb.blobdb.gc.bytes.expired COUNT : 0
rocksdb.blobdb.gc.bytes.relocated COUNT : 0
rocksdb.blobdb.fifo.num.files.evicted COUNT : 0
rocksdb.blobdb.fifo.num.keys.evicted COUNT : 0
rocksdb.blobdb.fifo.bytes.evicted COUNT : 0
rocksdb.txn.overhead.mutex.prepare COUNT : 0
rocksdb.txn.overhead.mutex.old.commit.map COUNT : 0
rocksdb.txn.overhead.duplicate.key COUNT : 0
rocksdb.txn.overhead.mutex.snapshot COUNT : 0
rocksdb.number.multiget.keys.found COUNT : 0
rocksdb.num.iterator.created COUNT : 2
rocksdb.num.iterator.deleted COUNT : 2
rocksdb.db.get.micros P50 : 8.000000 P95 : 8.000000 P99 : 8.000000 P100 : 8.000000 COUNT : 1 SUM : 8
rocksdb.db.write.micros P50 : 0.000000 P95 : 0.000000 P99 : 0.000000 P100 : 0.000000 COUNT : 0 SUM : 0
rocksdb.compaction.times.micros P50 : 0.000000 P95 : 0.000000 P99 : 0.000000 P100 : 0.000000 COUNT : 0 SUM : 0
rocksdb.subcompaction.setup.times.micros P50 : 0.000000 P95 : 0.000000 P99 : 0.000000 P100 : 0.000000 COUNT : 0 SUM : 0
rocksdb.table.sync.micros P50 : 580.000000 P95 : 659.000000 P99 : 659.000000 P100 : 659.000000 COUNT : 2 SUM : 1140
rocksdb.compaction.outfile.sync.micros P50 : 0.000000 P95 : 0.000000 P99 : 0.000000 P100 : 0.000000 COUNT : 0 SUM : 0
rocksdb.wal.file.sync.micros P50 : 0.000000 P95 : 0.000000 P99 : 0.000000 P100 : 0.000000 COUNT : 0 SUM : 0
